#constants for circle scenario
G <- 5000

NperV <- 5

sigma0 <- 5

sigma_e <- .7

idx_save = 0:99 * 50

n_iter <- 10000

n_save_P <- 1000

thin <- 1